2.387610416728242768e+01
1.844276638045496242e+01
1.342046828417574744e+01
8.629769232704404658e+00
4.141967630435405390e+00
2.950983372869750987e-01
-3.027941278571752992e+00
-5.802234980268947240e+00
-7.636188245799868213e+00
-8.919409045980870587e+00
-9.797931564949765360e+00
-9.927923472192713206e+00
-9.941540483763079195e+00
-9.947795220131528282e+00
-9.547049979277614895e+00
-9.455769574706323510e+00
-9.576513751869555335e+00
-9.445479580036138856e+00
-9.805353851829828216e+00
-1.035403804035412989e+01
-1.067467438373631872e+01
-1.154464062995426943e+01
-1.252756726990217295e+01
-1.337055252459901133e+01
-1.485969211108529286e+01
-1.646969590102326464e+01
-1.814534973772322246e+01
-2.054670593566731185e+01
-2.300402463721056989e+01
-2.551017392594057398e+01
-2.828773947187471549e+01
-3.033605368773722688e+01
-3.141035408287138608e+01
-3.141605529311789979e+01
-3.125828670792306596e+01
-2.827731397934585189e+01
-2.214862884711204316e+01
-1.249394075185774966e+01
-3.174356295451978838e-01
1.284081973698778079e+01
2.476927019537797747e+01
3.141682939277387376e+01
3.141665612047794198e+01
3.141717412781990859e+01
3.141820016782597591e+01
3.141850885706434227e+01
3.141877010579164775e+01
3.141969291107133344e+01
3.142032699690968300e+01
3.142025469352913802e+01
3.142025176939899467e+01
3.142031559335391577e+01
3.141965390434698335e+01
3.141869608930875657e+01
3.141841793800723792e+01
3.141811453301556156e+01
3.141710181168580007e+01
3.141660636126304595e+01
3.141713721643568746e+01
2.326214519061105079e+01
1.074238779413262357e+01
-2.389360731592869769e+00
-1.416981543269082522e+01
-2.325073925292257115e+01
-2.883289201753253295e+01
-3.141511012731763586e+01
-3.141506531343148723e+01
-3.120319561096982852e+01
-2.982164937894997792e+01
-2.760633492108876652e+01
-2.481275085234024758e+01
-2.236006866852839181e+01
-1.995595589123316671e+01
-1.765162206218602492e+01
-1.604702133065504199e+01
-1.447445941517768020e+01
-1.305852954926807108e+01
-1.226047872272331496e+01
-1.132496415360247255e+01
-1.056533063251483284e+01
-1.034401457554876913e+01
-9.925447968459252479e+00
-9.753061148196655594e+00
-1.003389154617972601e+01
-1.005627310218020298e+01
-1.026578112747819738e+01
-1.064805824889202412e+01
-1.051059859041930444e+01
-1.021940763878548708e+01
-9.592967061979067012e+00
-8.073202016659163149e+00
-6.041035263096281582e+00
-3.412304678466669294e+00
1.852775829601593927e-02
3.696899224938662520e+00
7.392740755729116486e+00
1.097138772414873031e+01
1.387991278501739778e+01
1.582714362313300427e+01
1.678556618021707436e+01
1.678556618021707436e+01
