2.513274122871834493e+01
2.513544863924509798e+01
2.513834904486287769e+01
2.513887796298444144e+01
2.513152256884205116e+01
2.513872262425627113e+01
2.514107773127624057e+01
2.512838564899019644e+01
2.513964873366505159e+01
2.514203790609620270e+01
2.512551281528626390e+01
2.514194396510850993e+01
2.514196201784843510e+01
2.512375551097711224e+01
2.514541516493609308e+01
2.514123975601593486e+01
2.512361155452399331e+01
2.514932438534887993e+01
2.513997874297941593e+01
2.512511853934644535e+01
2.515295364034906811e+01
2.513819159156282979e+01
2.512820557992843007e+01
2.515562972903639505e+01
2.513597072607450400e+01
2.513259975162861082e+01
2.515645689421088704e+01
2.513338647146091276e+01
2.513746197389941983e+01
2.515446781764663342e+01
2.513120956793389027e+01
2.514241200827799005e+01
2.515153511177462065e+01
2.513207428041197744e+01
2.514624375783259680e+01
2.514780330247052476e+01
2.513287974382645373e+01
2.514589017154096240e+01
2.514581762782002272e+01
2.513294358694131958e+01
2.514153712434045218e+01
2.514597334072267998e+01
2.513406126923982242e+01
2.513413058060341498e+01
2.514163868894453557e+01
2.513683724510763895e+01
2.496608768011392598e+01
2.335940805567564382e+01
2.088245172593163446e+01
1.826547591329756415e+01
1.843814647677930907e+01
2.121710146953499887e+01
2.365862155733555738e+01
2.513333729941716754e+01
2.513690075546302083e+01
2.514203203312041168e+01
2.513459526372305319e+01
2.513436984723287182e+01
2.514614886682900163e+01
2.514181131131962843e+01
2.513326362318499818e+01
2.514592630706557230e+01
2.514576462979183802e+01
2.513319219480693434e+01
2.514807010615489347e+01
2.514615560243370851e+01
2.513292726384744213e+01
2.515204732743917759e+01
2.514280328343131288e+01
2.513288006701988309e+01
2.515490495981801189e+01
2.513759683950923574e+01
2.513429319707220699e+01
2.515577659861757098e+01
2.513251744744909644e+01
2.513630522080388374e+01
2.515453635299439838e+01
2.512835249858911268e+01
2.513826031525862348e+01
2.515181423659738869e+01
2.512554500539538083e+01
2.513989888039777654e+01
2.514828744195436627e+01
2.512424340256372801e+01
2.514105960137150930e+01
2.514454102968108984e+01
2.512450298987150177e+01
2.514173257994435318e+01
2.514137347766780195e+01
2.512631219122670245e+01
2.514176730738439858e+01
2.513949933734775044e+01
2.512903394578493987e+01
2.514068661347371858e+01
2.513886086418354893e+01
2.513193100843860250e+01
2.513852968958143563e+01
2.513846259490216895e+01
2.513510702663498364e+01
2.513640522631314411e+01
2.513640522631314411e+01
